    unsorted:	 2.467401100e-006
      sorted:	 2.467401100e-006
