    unsorted:	 382.2160916 383.0451136 384.2785853 380.4873835 378.4403361 387.5025743 388.8860808 390.6126139 394.0584033 392.9521488 397.2139779 399.0485977 400.1615570 400.8208909 374.2344941 371.9788490 405.7263783 406.7368311 364.8645601 361.4549801 358.9497488 355.4432061 353.9142494 412.0042745 414.7396926 418.6422600 348.0027542 343.5391843 420.5987845 341.2563846 338.6143305 425.9672037 334.6058692 329.7070391 326.3768616 322.5631183 319.7926277 315.5006437 313.6795094 312.0030370 308.9527005 308.2264827 432.2183693 435.0947001 298.1871115 290.5690082 444.6737661 276.9583895 268.6186443 262.6221115 262.7326159 460.3626633 471.6904732 248.2283706 232.8033690 222.0122244 500.7813542 513.6255892 208.0100721 523.5401513 525.4194332 529.5147958 537.6534205 198.6865760 195.3243651 193.0274292 543.9519355 185.9303890 154.4950770 1.364333191e-05 5.175003218e-06 1.381494793e-06 4.624850758e-05 580.5065501 0.005097808777 134.5517157 0.02748342660 95.03021703 806.5330562 848.3805813 855.4615415 885.8995251 939.8656940 923.3021416 980.7240110 1010.362500 1016.288991 1050.280688 1086.357486 1110.260549 1147.401971 1171.117048 1215.737160 1321.021924 1494.892522 1504.239024 1773.150494 1815.326402 1827.986475 1945.031532 2389.124356 2406.749177 2605.533758 3268.051829 5254.526488 5479.032926 6345.964583 7030.004012 7045.790880 7515.816563 7647.841600 11132.57726 12058.65879 14520.00724 16020.84242 20832.88706 24211.97781 41869.57083 44129.04647 59771.52570 69908.67012 93538.25372 106822.6313 119356.5151 160026.7000 283595.7557 393539.8407 358138.1529 455208.8307 483367.8713 584653.1499 1055942.102 1483111.203 1944700.093 6505876.079 31194502.41
      sorted:	 1.381494793e-06 5.175003218e-06 1.364333191e-05 4.624850758e-05 0.005097808777 0.02748342660 95.03021703 134.5517157 154.4950770 185.9303890 193.0274292 195.3243651 198.6865760 208.0100721 222.0122244 232.8033690 248.2283706 262.6221115 262.7326159 268.6186443 276.9583895 290.5690082 298.1871115 308.2264827 308.9527005 312.0030370 313.6795094 315.5006437 319.7926277 322.5631183 326.3768616 329.7070391 334.6058692 338.6143305 341.2563846 343.5391843 348.0027542 353.9142494 355.4432061 358.9497488 361.4549801 364.8645601 371.9788490 374.2344941 378.4403361 380.4873835 382.2160916 383.0451136 384.2785853 387.5025743 388.8860808 390.6126139 392.9521488 394.0584033 397.2139779 399.0485977 400.1615570 400.8208909 405.7263783 406.7368311 412.0042745 414.7396926 418.6422600 420.5987845 425.9672037 432.2183693 435.0947001 444.6737661 460.3626633 471.6904732 500.7813542 513.6255892 523.5401513 525.4194332 529.5147958 537.6534205 543.9519355 580.5065501 806.5330562 848.3805813 855.4615415 885.8995251 923.3021416 939.8656940 980.7240110 1010.362500 1016.288991 1050.280688 1086.357486 1110.260549 1147.401971 1171.117048 1215.737160 1321.021924 1494.892522 1504.239024 1773.150494 1815.326402 1827.986475 1945.031532 2389.124356 2406.749177 2605.533758 3268.051829 5254.526488 5479.032926 6345.964583 7030.004012 7045.790880 7515.816563 7647.841600 11132.57726 12058.65879 14520.00724 16020.84242 20832.88706 24211.97781 41869.57083 44129.04647 59771.52570 69908.67012 93538.25372 106822.6313 119356.5151 160026.7000 283595.7557 358138.1529 393539.8407 455208.8307 483367.8713 584653.1499 1055942.102 1483111.203 1944700.093 6505876.079 31194502.41
