    unsorted:	 2.467401100e-08 2.467401100e-08 4.934802200e-06 4.934802200e-06
      sorted:	 2.467401100e-08 2.467401100e-08 4.934802200e-06 4.934802200e-06
