 Reading information from starter file
 Finished reading starter file 

 Reading main data file
 Finished reading main data file 

 Reading control file
Discard_catch
Pot_catch
Trwl1_catch
Trwl2_catch
Discard_LF
Pot_LF
Trwl1_LF
Trwl2_LF
Discard_effort
Pot_effort
Trwl1_effort
NMFS_Trawl_Index
NMFS_Trawl_LF
Some_Survey_Index
Some_Survey_LF
 Finished reading control file 

 Reading forecast file
 Finished reading forecast file 

 Successfully read all input files. 

 Count parameters and get max phase, adjust phases if required
 Number of active parameters is 1
 Maximum phase for estimation is 1

 All parameters declared 

1990 1  0.0443736 0.706077 0.183472 0.0486873 0.0173906  0.0102498 0.0619723 0.40198 0.525788 9.9995e-006
1991 1  0.0444955 0.707833 0.183339 0.0478532 0.016479  0.0544927 0.159262 0.308195 0.478041 9.9995e-006
1992 1  0.0445442 0.708567 0.183371 0.0475753 0.0159431  0.0132374 0.278306 0.484394 0.224052 9.9995e-006
1993 1  0.0445633 0.708861 0.183405 0.0474928 0.0156774  0.0170869 0.10675 0.473625 0.402527 9.9995e-006
1996 1  nan nan nan nan nan  0.0131164 0.240126 0.279445 0.467303 9.9995e-006
1997 1  nan nan nan nan nan  0.0014385 0.185495 0.460536 0.35252 9.9995e-006
1998 1  nan nan nan nan nan  0.00590188 0.0448765 0.48242 0.466792 9.9995e-006
1999 1  nan nan nan nan nan  0.0085779 0.0276659 0.231994 0.731752 9.9995e-006
2000 1  nan nan nan nan nan  0.0728916 0.236534 0.286151 0.404413 9.9995e-006
2001 1  nan nan nan nan nan  0.0281559 0.189087 0.485512 0.297236 9.9995e-006
2002 1  nan nan nan nan nan  0.0224028 0.0637182 0.501949 0.41192 9.9995e-006
2003 1  nan nan nan nan nan  0.0663161 0.260778 0.2854 0.387496 9.9995e-006
2004 1  nan nan nan nan nan  0.0658201 0.269617 0.478611 0.185941 9.9995e-006
2005 1  nan nan nan nan nan  0.00533632 0.105719 0.344217 0.375805 0.168923
2006 1  0.0125127 0.418723 0.252737 0.152211 0.163816  0.0210155 0.140231 0.329114 0.469945 0.0396932
2007 1  0.0134275 0.432259 0.244388 0.147388 0.162536  0.0220101 0.204594 0.359123 0.402373 0.011899
2008 1  0.0141214 0.448296 0.241236 0.139676 0.15667  0.00634749 0.0622758 0.431144 0.490743 0.00948983
2009 1  0.0146222 0.461894 0.241987 0.13368 0.147816  0.00640096 0.0693356 0.331293 0.58267 0.0103005
2010 1  nan nan nan nan nan  0.00976407 0.0570088 0.33618 0.587737 0.00930963
1968 2  0.0055236 0.248619 0.248619 0.248619 0.248619  9.9995e-006 9.9995e-006 0.00498983 0.306768 0.688223
1969 2  0.0101772 0.244524 0.219306 0.219306 0.306687  9.9995e-006 9.9995e-006 0.0253846 0.436568 0.538028
1970 2  0.0134029 0.321442 0.184429 0.174402 0.306323  9.9995e-006 9.9995e-006 0.0526952 0.5999 0.347385
1971 2  0.0153421 0.394872 0.1877 0.133142 0.268943  9.9995e-006 9.9995e-006 9.9995e-006 0.530507 0.469463
1972 2  0.0163971 0.442956 0.207239 0.114135 0.219274  9.9995e-006 9.9995e-006 9.9995e-006 0.539339 0.460631
1973 2  0.0169243 0.469331 0.225741 0.111579 0.176424  9.9995e-006 9.9995e-006 0.000109995 0.515184 0.484686
1974 2  0.0171653 0.482238 0.238161 0.115582 0.146855  9.9995e-006 9.9995e-006 9.9995e-006 0.568444 0.431526
1975 2  0.0172631 0.487977 0.2452 0.120404 0.129157  9.9995e-006 9.9995e-006 9.9995e-006 0.477196 0.522774
1976 2  0.0172952 0.490263 0.24878 0.124057 0.119605  9.9995e-006 9.9995e-006 9.9995e-006 0.404021 0.595949
1977 2  0.0236877 0.487828 0.248825 0.125531 0.114128  9.9995e-006 9.9995e-006 9.9995e-006 0.403259 0.596711
1978 2  0.0326745 0.537266 0.219755 0.111678 0.0986261  9.9995e-006 9.9995e-006 9.9995e-006 0.424997 0.574973
1979 2  0.0403983 0.60489 0.194954 0.0853562 0.0744013  9.9995e-006 9.9995e-006 9.9995e-006 0.252808 0.747162
1980 2  0.045135 0.655497 0.1843 0.0645925 0.0504754  9.9995e-006 9.9995e-006 9.9995e-006 0.283574 0.716396
1981 2  0.0474746 0.683346 0.181715 0.0538591 0.0336051  9.9995e-006 9.9995e-006 9.9995e-006 0.313771 0.686199
1982 2  0.0484983 0.69635 0.181677 0.0494786 0.0239966  9.9995e-006 9.9995e-006 9.9995e-006 0.592132 0.407838
1984 2  0.0480644 0.697068 0.18801 0.0489174 0.0179401  9.9995e-006 9.9995e-006 0.000261908 0.692128 0.30759
1985 2  nan nan nan nan nan  9.9995e-006 9.9995e-006 0.000512424 0.680041 0.319426
1986 2  nan nan nan nan nan  9.9995e-006 9.9995e-006 9.9995e-006 0.644862 0.355108
1987 2  0.0461338 0.681556 0.198479 0.0552148 0.0186161  9.9995e-006 9.9995e-006 9.9995e-006 0.523683 0.476287
1988 2  0.0478725 0.691277 0.187788 0.054139 0.0189237  9.9995e-006 9.9995e-006 9.9995e-006 0.41431 0.58566
1989 2  0.0486418 0.698803 0.183607 0.0505346 0.0184138  9.9995e-006 9.9995e-006 9.9995e-006 0.361103 0.638867
1990 2  0.0489678 0.702682 0.18259 0.0484533 0.017307  9.9995e-006 9.9995e-006 0.00029841 0.283421 0.716261
1991 2  0.0491016 0.704421 0.182455 0.0476226 0.0163996  9.9995e-006 9.9995e-006 0.000162043 0.264527 0.735291
1992 2  0.0491551 0.705147 0.182486 0.0473457 0.0158662  9.9995e-006 9.9995e-006 0.00042769 0.205514 0.794039
1993 2  0.0491761 0.705439 0.18252 0.0472636 0.0156017  9.9995e-006 9.9995e-006 9.9995e-006 0.288063 0.711907
1984 2  0.0480644 0.697068 0.18801 0.0489174 0.0179401  9.9995e-006 9.9995e-006 0.000566605 0.232078 0.767336
1997 2  nan nan nan nan nan  9.9995e-006 9.9995e-006 0.000390837 0.252617 0.746973
1998 2  nan nan nan nan nan  9.9995e-006 9.9995e-006 0.000880701 0.301587 0.697512
1999 2  nan nan nan nan nan  9.9995e-006 9.9995e-006 6.66025e-005 0.403533 0.59638
2000 2  nan nan nan nan nan  9.9995e-006 9.9995e-006 0.000222921 0.299023 0.700734
2001 2  nan nan nan nan nan  9.9995e-006 9.9995e-006 0.000709418 0.270984 0.728286
2002 2  nan nan nan nan nan  9.9995e-006 9.9995e-006 0.000323236 0.311632 0.688025
2003 2  nan nan nan nan nan  9.9995e-006 9.9995e-006 0.000503405 0.40358 0.595897
2004 2  nan nan nan nan nan  9.9995e-006 9.9995e-006 5.99045e-005 0.188153 0.811768
2005 2  nan nan nan nan nan  9.9995e-006 9.9995e-006 0.000225305 0.256152 0.743603
2006 2  0.0138553 0.418153 0.252394 0.152004 0.163594  9.9995e-006 9.9995e-006 0.000231878 0.274973 0.724775
2007 2  0.0148669 0.431629 0.244032 0.147173 0.162299  9.9995e-006 9.9995e-006 0.000188666 0.277345 0.722447
2008 2  0.015634 0.447609 0.240866 0.139462 0.15643  9.9995e-006 9.9995e-006 7.86445e-005 0.23052 0.769382
2009 2  0.0161876 0.46116 0.241603 0.133468 0.147581  9.9995e-006 9.9995e-006 9.9995e-006 0.347723 0.652247
2010 2  nan nan nan nan nan  9.9995e-006 9.9995e-006 0.000109314 0.332367 0.667504
1976 3  0.0191414 0.489342 0.248312 0.123824 0.11938  9.9995e-006 0.0335567 0.122972 0.379862 0.4636
1977 3  0.0261984 0.486574 0.248185 0.125208 0.113835  0.0066176 0.0248672 0.251413 0.464849 0.252252
1978 3  0.036103 0.535362 0.218976 0.111282 0.0982766  9.9995e-006 0.00291548 0.0534708 0.440016 0.503588
1979 3  0.0446 0.602241 0.194101 0.0849824 0.0740755  0.0321127 0.0230006 0.0337949 0.290757 0.620335
1980 3  0.0498039 0.652292 0.183399 0.0642767 0.0502286  0.178915 0.155468 0.290062 0.237997 0.137559
1981 3  0.0523723 0.679833 0.18078 0.0535822 0.0334323  0.0889585 0.202972 0.400167 0.238241 0.0696605
1982 3  0.0534958 0.692692 0.180723 0.0492187 0.0238707  0.244411 0.255347 0.282291 0.174672 0.0432794
1983 3  0.0539567 0.69819 0.181077 0.0476758 0.0191004  0.173052 0.223349 0.282722 0.227194 0.0936832
1984 3  0.0530195 0.693439 0.187031 0.0486628 0.0178468  0.124466 0.203326 0.288782 0.284624 0.0988006
1985 3  nan nan nan nan nan  0.0187029 0.108381 0.233907 0.405929 0.233079
1986 3  nan nan nan nan nan  0.047422 0.115249 0.199597 0.405631 0.2321
1987 3  0.0509006 0.67815 0.197487 0.0549389 0.0185231  0.0266733 0.124696 0.255392 0.373296 0.219944
1988 3  0.0528091 0.687693 0.186814 0.0538583 0.0188256  0.0433211 0.0806256 0.182581 0.341757 0.351715
1989 3  0.0536532 0.695122 0.18264 0.0502684 0.0183168  0.0059975 0.0339267 0.157344 0.37474 0.427992
1990 3  0.0540109 0.698956 0.181622 0.0481964 0.0172153  0.0605899 0.0929159 0.179172 0.315344 0.351978
1991 3  0.0541577 0.700675 0.181485 0.0473694 0.0163124  0.140151 0.0894663 0.1788 0.212948 0.378634
1992 3  0.0542164 0.701394 0.181514 0.0470938 0.0157818  9.9995e-006 0.0225498 0.168381 0.517046 0.292013
1994 3  0.0542483 0.701794 0.181567 0.0469898 0.0154006  0.0442057 0.0051292 0.0157089 0.145737 0.78922
1995 3  nan nan nan nan nan  0.152727 0.18919 0.202917 0.202917 0.25225
1996 3  nan nan nan nan nan  0.00470719 0.138992 0.254349 0.229067 0.372884
1997 3  nan nan nan nan nan  0.00295729 0.0116354 0.162602 0.359579 0.463226
1998 3  nan nan nan nan nan  0.00581563 0.00816552 0.0698157 0.384564 0.531639
1999 3  nan nan nan nan nan  0.00944225 0.00865623 0.0864723 0.487736 0.407693
2000 3  nan nan nan nan nan  0.00207228 0.0346822 0.150428 0.242715 0.570103
2001 3  nan nan nan nan nan  0.00349803 0.0372683 0.129066 0.227682 0.602485
2002 3  nan nan nan nan nan  0.0191882 0.0723117 0.0914899 0.316258 0.500752
2003 3  nan nan nan nan nan  0.0427125 0.177937 0.0925321 0.266901 0.419918
2004 3  nan nan nan nan nan  0.0438034 0.145988 0.204379 0.13139 0.474439
2005 3  nan nan nan nan nan  0.0268904 0.0752751 0.15054 0.247309 0.499985
2006 3  0.0153397 0.417524 0.252014 0.151775 0.163347  0.0276584 0.110604 0.253454 0.350223 0.258062
2007 3  0.016458 0.430932 0.243638 0.146936 0.162037  0.000515784 0.0298517 0.155288 0.289829 0.524516
2008 3  0.0173059 0.446848 0.240457 0.139225 0.156164  0.00297135 0.0325849 0.107606 0.261596 0.595242
2009 3  0.0179176 0.460349 0.241178 0.133233 0.147322  9.9995e-006 0.0157845 0.144684 0.389263 0.450258
2010 3  nan nan nan nan nan  0.00605893 0.038598 0.147479 0.380884 0.426981
1991 4  0.0597018 0.696568 0.180422 0.0470918 0.0162169  0.0505974 0.117981 0.204559 0.338125 0.288738
1992 4  0.0597662 0.697278 0.180449 0.0468175 0.0156893  0.00880868 0.178383 0.321562 0.253272 0.237974
1993 4  0.0597914 0.697563 0.180482 0.046736 0.0154276  9.9995e-006 0.170419 0.443932 0.215221 0.170419

Initial statistics: 45 variables; iteration 0; function evaluation 0; phase 1
Function value -1.#IND000e+000; maximum gradient component mag  2.9328e+003
1990 1  nan nan nan nan nan  0.0102498 0.0619723 0.40198 0.525788 9.9995e-006
1991 1  nan nan nan nan nan  0.0544927 0.159262 0.308195 0.478041 9.9995e-006
1992 1  nan nan nan nan nan  0.0132374 0.278306 0.484394 0.224052 9.9995e-006
1993 1  nan nan nan nan nan  0.0170869 0.10675 0.473625 0.402527 9.9995e-006
1996 1  nan nan nan nan nan  0.0131164 0.240126 0.279445 0.467303 9.9995e-006
1997 1  nan nan nan nan nan  0.0014385 0.185495 0.460536 0.35252 9.9995e-006
1998 1  nan nan nan nan nan  0.00590188 0.0448765 0.48242 0.466792 9.9995e-006
1999 1  nan nan nan nan nan  0.0085779 0.0276659 0.231994 0.731752 9.9995e-006
2000 1  nan nan nan nan nan  0.0728916 0.236534 0.286151 0.404413 9.9995e-006
2001 1  nan nan nan nan nan  0.0281559 0.189087 0.485512 0.297236 9.9995e-006
2002 1  nan nan nan nan nan  0.0224028 0.0637182 0.501949 0.41192 9.9995e-006
2003 1  nan nan nan nan nan  0.0663161 0.260778 0.2854 0.387496 9.9995e-006
2004 1  nan nan nan nan nan  0.0658201 0.269617 0.478611 0.185941 9.9995e-006
2005 1  nan nan nan nan nan  0.00533632 0.105719 0.344217 0.375805 0.168923
2006 1  nan nan nan nan nan  0.0210155 0.140231 0.329114 0.469945 0.0396932
2007 1  nan nan nan nan nan  0.0220101 0.204594 0.359123 0.402373 0.011899
2008 1  nan nan nan nan nan  0.00634749 0.0622758 0.431144 0.490743 0.00948983
2009 1  nan nan nan nan nan  0.00640096 0.0693356 0.331293 0.58267 0.0103005
2010 1  nan nan nan nan nan  0.00976407 0.0570088 0.33618 0.587737 0.00930963
1968 2  0.0055236 0.248619 0.248619 0.248619 0.248619  9.9995e-006 9.9995e-006 0.00498983 0.306768 0.688223
1969 2  nan nan nan nan nan  9.9995e-006 9.9995e-006 0.0253846 0.436568 0.538028
1970 2  nan nan nan nan nan  9.9995e-006 9.9995e-006 0.0526952 0.5999 0.347385
1971 2  nan nan nan nan nan  9.9995e-006 9.9995e-006 9.9995e-006 0.530507 0.469463
1972 2  nan nan nan nan nan  9.9995e-006 9.9995e-006 9.9995e-006 0.539339 0.460631
1973 2  nan nan nan nan nan  9.9995e-006 9.9995e-006 0.000109995 0.515184 0.484686
1974 2  nan nan nan nan nan  9.9995e-006 9.9995e-006 9.9995e-006 0.568444 0.431526
1975 2  nan nan nan nan nan  9.9995e-006 9.9995e-006 9.9995e-006 0.477196 0.522774
1976 2  nan nan nan nan nan  9.9995e-006 9.9995e-006 9.9995e-006 0.404021 0.595949
1977 2  nan nan nan nan nan  9.9995e-006 9.9995e-006 9.9995e-006 0.403259 0.596711
1978 2  nan nan nan nan nan  9.9995e-006 9.9995e-006 9.9995e-006 0.424997 0.574973
1979 2  nan nan nan nan nan  9.9995e-006 9.9995e-006 9.9995e-006 0.252808 0.747162
1980 2  nan nan nan nan nan  9.9995e-006 9.9995e-006 9.9995e-006 0.283574 0.716396
1981 2  nan nan nan nan nan  9.9995e-006 9.9995e-006 9.9995e-006 0.313771 0.686199
1982 2  nan nan nan nan nan  9.9995e-006 9.9995e-006 9.9995e-006 0.592132 0.407838
1984 2  nan nan nan nan nan  9.9995e-006 9.9995e-006 0.000261908 0.692128 0.30759
1985 2  nan nan nan nan nan  9.9995e-006 9.9995e-006 0.000512424 0.680041 0.319426
1986 2  nan nan nan nan nan  9.9995e-006 9.9995e-006 9.9995e-006 0.644862 0.355108
1987 2  nan nan nan nan nan  9.9995e-006 9.9995e-006 9.9995e-006 0.523683 0.476287
1988 2  nan nan nan nan nan  9.9995e-006 9.9995e-006 9.9995e-006 0.41431 0.58566
1989 2  nan nan nan nan nan  9.9995e-006 9.9995e-006 9.9995e-006 0.361103 0.638867
1990 2  nan nan nan nan nan  9.9995e-006 9.9995e-006 0.00029841 0.283421 0.716261
1991 2  nan nan nan nan nan  9.9995e-006 9.9995e-006 0.000162043 0.264527 0.735291
1992 2  nan nan nan nan nan  9.9995e-006 9.9995e-006 0.00042769 0.205514 0.794039
1993 2  nan nan nan nan nan  9.9995e-006 9.9995e-006 9.9995e-006 0.288063 0.711907
1984 2  nan nan nan nan nan  9.9995e-006 9.9995e-006 0.000566605 0.232078 0.767336
1997 2  nan nan nan nan nan  9.9995e-006 9.9995e-006 0.000390837 0.252617 0.746973
1998 2  nan nan nan nan nan  9.9995e-006 9.9995e-006 0.000880701 0.301587 0.697512
1999 2  nan nan nan nan nan  9.9995e-006 9.9995e-006 6.66025e-005 0.403533 0.59638
2000 2  nan nan nan nan nan  9.9995e-006 9.9995e-006 0.000222921 0.299023 0.700734
2001 2  nan nan nan nan nan  9.9995e-006 9.9995e-006 0.000709418 0.270984 0.728286
2002 2  nan nan nan nan nan  9.9995e-006 9.9995e-006 0.000323236 0.311632 0.688025
2003 2  nan nan nan nan nan  9.9995e-006 9.9995e-006 0.000503405 0.40358 0.595897
2004 2  nan nan nan nan nan  9.9995e-006 9.9995e-006 5.99045e-005 0.188153 0.811768
2005 2  nan nan nan nan nan  9.9995e-006 9.9995e-006 0.000225305 0.256152 0.743603
2006 2  nan nan nan nan nan  9.9995e-006 9.9995e-006 0.000231878 0.274973 0.724775
2007 2  nan nan nan nan nan  9.9995e-006 9.9995e-006 0.000188666 0.277345 0.722447
2008 2  nan nan nan nan nan  9.9995e-006 9.9995e-006 7.86445e-005 0.23052 0.769382
2009 2  nan nan nan nan nan  9.9995e-006 9.9995e-006 9.9995e-006 0.347723 0.652247
2010 2  nan nan nan nan nan  9.9995e-006 9.9995e-006 0.000109314 0.332367 0.667504
1976 3  nan nan nan nan nan  9.9995e-006 0.0335567 0.122972 0.379862 0.4636
1977 3  nan nan nan nan nan  0.0066176 0.0248672 0.251413 0.464849 0.252252
1978 3  nan nan nan nan nan  9.9995e-006 0.00291548 0.0534708 0.440016 0.503588
1979 3  nan nan nan nan nan  0.0321127 0.0230006 0.0337949 0.290757 0.620335
1980 3  nan nan nan nan nan  0.178915 0.155468 0.290062 0.237997 0.137559
1981 3  nan nan nan nan nan  0.0889585 0.202972 0.400167 0.238241 0.0696605
1982 3  nan nan nan nan nan  0.244411 0.255347 0.282291 0.174672 0.0432794
1983 3  nan nan nan nan nan  0.173052 0.223349 0.282722 0.227194 0.0936832
1984 3  nan nan nan nan nan  0.124466 0.203326 0.288782 0.284624 0.0988006
1985 3  nan nan nan nan nan  0.0187029 0.108381 0.233907 0.405929 0.233079
1986 3  nan nan nan nan nan  0.047422 0.115249 0.199597 0.405631 0.2321
1987 3  nan nan nan nan nan  0.0266733 0.124696 0.255392 0.373296 0.219944
1988 3  nan nan nan nan nan  0.0433211 0.0806256 0.182581 0.341757 0.351715
1989 3  nan nan nan nan nan  0.0059975 0.0339267 0.157344 0.37474 0.427992
1990 3  nan nan nan nan nan  0.0605899 0.0929159 0.179172 0.315344 0.351978
1991 3  nan nan nan nan nan  0.140151 0.0894663 0.1788 0.212948 0.378634
1992 3  nan nan nan nan nan  9.9995e-006 0.0225498 0.168381 0.517046 0.292013
1994 3  nan nan nan nan nan  0.0442057 0.0051292 0.0157089 0.145737 0.78922
1995 3  nan nan nan nan nan  0.152727 0.18919 0.202917 0.202917 0.25225
1996 3  nan nan nan nan nan  0.00470719 0.138992 0.254349 0.229067 0.372884
1997 3  nan nan nan nan nan  0.00295729 0.0116354 0.162602 0.359579 0.463226
1998 3  nan nan nan nan nan  0.00581563 0.00816552 0.0698157 0.384564 0.531639
1999 3  nan nan nan nan nan  0.00944225 0.00865623 0.0864723 0.487736 0.407693
2000 3  nan nan nan nan nan  0.00207228 0.0346822 0.150428 0.242715 0.570103
2001 3  nan nan nan nan nan  0.00349803 0.0372683 0.129066 0.227682 0.602485
2002 3  nan nan nan nan nan  0.0191882 0.0723117 0.0914899 0.316258 0.500752
2003 3  nan nan nan nan nan  0.0427125 0.177937 0.0925321 0.266901 0.419918
2004 3  nan nan nan nan nan  0.0438034 0.145988 0.204379 0.13139 0.474439
2005 3  nan nan nan nan nan  0.0268904 0.0752751 0.15054 0.247309 0.499985
2006 3  nan nan nan nan nan  0.0276584 0.110604 0.253454 0.350223 0.258062
2007 3  nan nan nan nan nan  0.000515784 0.0298517 0.155288 0.289829 0.524516
2008 3  nan nan nan nan nan  0.00297135 0.0325849 0.107606 0.261596 0.595242
2009 3  nan nan nan nan nan  9.9995e-006 0.0157845 0.144684 0.389263 0.450258
2010 3  nan nan nan nan nan  0.00605893 0.038598 0.147479 0.380884 0.426981
1991 4  nan nan nan nan nan  0.0505974 0.117981 0.204559 0.338125 0.288738
1992 4  nan nan nan nan nan  0.00880868 0.178383 0.321562 0.253272 0.237974
1993 4  nan nan nan nan nan  9.9995e-006 0.170419 0.443932 0.215221 0.170419
1990 1  nan nan nan nan nan  0.0102498 0.0619723 0.40198 0.525788 9.9995e-006
1991 1  nan nan nan nan nan  0.0544927 0.159262 0.308195 0.478041 9.9995e-006
1992 1  nan nan nan nan nan  0.0132374 0.278306 0.484394 0.224052 9.9995e-006
1993 1  nan nan nan nan nan  0.0170869 0.10675 0.473625 0.402527 9.9995e-006
1996 1  nan nan nan nan nan  0.0131164 0.240126 0.279445 0.467303 9.9995e-006
1997 1  nan nan nan nan nan  0.0014385 0.185495 0.460536 0.35252 9.9995e-006
1998 1  nan nan nan nan nan  0.00590188 0.0448765 0.48242 0.466792 9.9995e-006
1999 1  nan nan nan nan nan  0.0085779 0.0276659 0.231994 0.731752 9.9995e-006
2000 1  nan nan nan nan nan  0.0728916 0.236534 0.286151 0.404413 9.9995e-006
2001 1  nan nan nan nan nan  0.0281559 0.189087 0.485512 0.297236 9.9995e-006
2002 1  nan nan nan nan nan  0.0224028 0.0637182 0.501949 0.41192 9.9995e-006
2003 1  nan nan nan nan nan  0.0663161 0.260778 0.2854 0.387496 9.9995e-006
2004 1  nan nan nan nan nan  0.0658201 0.269617 0.478611 0.185941 9.9995e-006
2005 1  nan nan nan nan nan  0.00533632 0.105719 0.344217 0.375805 0.168923
2006 1  nan nan nan nan nan  0.0210155 0.140231 0.329114 0.469945 0.0396932
2007 1  nan nan nan nan nan  0.0220101 0.204594 0.359123 0.402373 0.011899
2008 1  nan nan nan nan nan  0.00634749 0.0622758 0.431144 0.490743 0.00948983
2009 1  nan nan nan nan nan  0.00640096 0.0693356 0.331293 0.58267 0.0103005
2010 1  nan nan nan nan nan  0.00976407 0.0570088 0.33618 0.587737 0.00930963
1968 2  0.0055236 0.248619 0.248619 0.248619 0.248619  9.9995e-006 9.9995e-006 0.00498983 0.306768 0.688223
1969 2  nan nan nan nan nan  9.9995e-006 9.9995e-006 0.0253846 0.436568 0.538028
1970 2  nan nan nan nan nan  9.9995e-006 9.9995e-006 0.0526952 0.5999 0.347385
1971 2  nan nan nan nan nan  9.9995e-006 9.9995e-006 9.9995e-006 0.530507 0.469463
1972 2  nan nan nan nan nan  9.9995e-006 9.9995e-006 9.9995e-006 0.539339 0.460631
1973 2  nan nan nan nan nan  9.9995e-006 9.9995e-006 0.000109995 0.515184 0.484686
1974 2  nan nan nan nan nan  9.9995e-006 9.9995e-006 9.9995e-006 0.568444 0.431526
1975 2  nan nan nan nan nan  9.9995e-006 9.9995e-006 9.9995e-006 0.477196 0.522774
1976 2  nan nan nan nan nan  9.9995e-006 9.9995e-006 9.9995e-006 0.404021 0.595949
1977 2  nan nan nan nan nan  9.9995e-006 9.9995e-006 9.9995e-006 0.403259 0.596711
1978 2  nan nan nan nan nan  9.9995e-006 9.9995e-006 9.9995e-006 0.424997 0.574973
1979 2  nan nan nan nan nan  9.9995e-006 9.9995e-006 9.9995e-006 0.252808 0.747162
1980 2  nan nan nan nan nan  9.9995e-006 9.9995e-006 9.9995e-006 0.283574 0.716396
1981 2  nan nan nan nan nan  9.9995e-006 9.9995e-006 9.9995e-006 0.313771 0.686199
1982 2  nan nan nan nan nan  9.9995e-006 9.9995e-006 9.9995e-006 0.592132 0.407838
1984 2  nan nan nan nan nan  9.9995e-006 9.9995e-006 0.000261908 0.692128 0.30759
1985 2  nan nan nan nan nan  9.9995e-006 9.9995e-006 0.000512424 0.680041 0.319426
1986 2  nan nan nan nan nan  9.9995e-006 9.9995e-006 9.9995e-006 0.644862 0.355108
1987 2  nan nan nan nan nan  9.9995e-006 9.9995e-006 9.9995e-006 0.523683 0.476287
1988 2  nan nan nan nan nan  9.9995e-006 9.9995e-006 9.9995e-006 0.41431 0.58566
1989 2  nan nan nan nan nan  9.9995e-006 9.9995e-006 9.9995e-006 0.361103 0.638867
1990 2  nan nan nan nan nan  9.9995e-006 9.9995e-006 0.00029841 0.283421 0.716261
1991 2  nan nan nan nan nan  9.9995e-006 9.9995e-006 0.000162043 0.264527 0.735291
1992 2  nan nan nan nan nan  9.9995e-006 9.9995e-006 0.00042769 0.205514 0.794039
1993 2  nan nan nan nan nan  9.9995e-006 9.9995e-006 9.9995e-006 0.288063 0.711907
1984 2  nan nan nan nan nan  9.9995e-006 9.9995e-006 0.000566605 0.232078 0.767336
1997 2  nan nan nan nan nan  9.9995e-006 9.9995e-006 0.000390837 0.252617 0.746973
1998 2  nan nan nan nan nan  9.9995e-006 9.9995e-006 0.000880701 0.301587 0.697512
1999 2  nan nan nan nan nan  9.9995e-006 9.9995e-006 6.66025e-005 0.403533 0.59638
2000 2  nan nan nan nan nan  9.9995e-006 9.9995e-006 0.000222921 0.299023 0.700734
2001 2  nan nan nan nan nan  9.9995e-006 9.9995e-006 0.000709418 0.270984 0.728286
2002 2  nan nan nan nan nan  9.9995e-006 9.9995e-006 0.000323236 0.311632 0.688025
2003 2  nan nan nan nan nan  9.9995e-006 9.9995e-006 0.000503405 0.40358 0.595897
2004 2  nan nan nan nan nan  9.9995e-006 9.9995e-006 5.99045e-005 0.188153 0.811768
2005 2  nan nan nan nan nan  9.9995e-006 9.9995e-006 0.000225305 0.256152 0.743603
2006 2  nan nan nan nan nan  9.9995e-006 9.9995e-006 0.000231878 0.274973 0.724775
2007 2  nan nan nan nan nan  9.9995e-006 9.9995e-006 0.000188666 0.277345 0.722447
2008 2  nan nan nan nan nan  9.9995e-006 9.9995e-006 7.86445e-005 0.23052 0.769382
2009 2  nan nan nan nan nan  9.9995e-006 9.9995e-006 9.9995e-006 0.347723 0.652247
2010 2  nan nan nan nan nan  9.9995e-006 9.9995e-006 0.000109314 0.332367 0.667504
1976 3  nan nan nan nan nan  9.9995e-006 0.0335567 0.122972 0.379862 0.4636
1977 3  nan nan nan nan nan  0.0066176 0.0248672 0.251413 0.464849 0.252252
1978 3  nan nan nan nan nan  9.9995e-006 0.00291548 0.0534708 0.440016 0.503588
1979 3  nan nan nan nan nan  0.0321127 0.0230006 0.0337949 0.290757 0.620335
1980 3  nan nan nan nan nan  0.178915 0.155468 0.290062 0.237997 0.137559
1981 3  nan nan nan nan nan  0.0889585 0.202972 0.400167 0.238241 0.0696605
1982 3  nan nan nan nan nan  0.244411 0.255347 0.282291 0.174672 0.0432794
1983 3  nan nan nan nan nan  0.173052 0.223349 0.282722 0.227194 0.0936832
1984 3  nan nan nan nan nan  0.124466 0.203326 0.288782 0.284624 0.0988006
1985 3  nan nan nan nan nan  0.0187029 0.108381 0.233907 0.405929 0.233079
1986 3  nan nan nan nan nan  0.047422 0.115249 0.199597 0.405631 0.2321
1987 3  nan nan nan nan nan  0.0266733 0.124696 0.255392 0.373296 0.219944
1988 3  nan nan nan nan nan  0.0433211 0.0806256 0.182581 0.341757 0.351715
1989 3  nan nan nan nan nan  0.0059975 0.0339267 0.157344 0.37474 0.427992
1990 3  nan nan nan nan nan  0.0605899 0.0929159 0.179172 0.315344 0.351978
1991 3  nan nan nan nan nan  0.140151 0.0894663 0.1788 0.212948 0.378634
1992 3  nan nan nan nan nan  9.9995e-006 0.0225498 0.168381 0.517046 0.292013
1994 3  nan nan nan nan nan  0.0442057 0.0051292 0.0157089 0.145737 0.78922
1995 3  nan nan nan nan nan  0.152727 0.18919 0.202917 0.202917 0.25225
1996 3  nan nan nan nan nan  0.00470719 0.138992 0.254349 0.229067 0.372884
1997 3  nan nan nan nan nan  0.00295729 0.0116354 0.162602 0.359579 0.463226
1998 3  nan nan nan nan nan  0.00581563 0.00816552 0.0698157 0.384564 0.531639
1999 3  nan nan nan nan nan  0.00944225 0.00865623 0.0864723 0.487736 0.407693
2000 3  nan nan nan nan nan  0.00207228 0.0346822 0.150428 0.242715 0.570103
2001 3  nan nan nan nan nan  0.00349803 0.0372683 0.129066 0.227682 0.602485
2002 3  nan nan nan nan nan  0.0191882 0.0723117 0.0914899 0.316258 0.500752
2003 3  nan nan nan nan nan  0.0427125 0.177937 0.0925321 0.266901 0.419918
2004 3  nan nan nan nan nan  0.0438034 0.145988 0.204379 0.13139 0.474439
2005 3  nan nan nan nan nan  0.0268904 0.0752751 0.15054 0.247309 0.499985
2006 3  nan nan nan nan nan  0.0276584 0.110604 0.253454 0.350223 0.258062
2007 3  nan nan nan nan nan  0.000515784 0.0298517 0.155288 0.289829 0.524516
2008 3  nan nan nan nan nan  0.00297135 0.0325849 0.107606 0.261596 0.595242
2009 3  nan nan nan nan nan  9.9995e-006 0.0157845 0.144684 0.389263 0.450258
2010 3  nan nan nan nan nan  0.00605893 0.038598 0.147479 0.380884 0.426981
1991 4  nan nan nan nan nan  0.0505974 0.117981 0.204559 0.338125 0.288738
1992 4  nan nan nan nan nan  0.00880868 0.178383 0.321562 0.253272 0.237974
1993 4  nan nan nan nan nan  9.9995e-006 0.170419 0.443932 0.215221 0.170419
1990 1  nan nan nan nan nan  0.0102498 0.0619723 0.40198 0.525788 9.9995e-006
1991 1  nan nan nan nan nan  0.0544927 0.159262 0.308195 0.478041 9.9995e-006
1992 1  nan nan nan nan nan  0.0132374 0.278306 0.484394 0.224052 9.9995e-006
1993 1  nan nan nan nan nan  0.0170869 0.10675 0.473625 0.402527 9.9995e-006
1996 1  nan nan nan nan nan  0.0131164 0.240126 0.279445 0.467303 9.9995e-006
1997 1  nan nan nan nan nan  0.0014385 0.185495 0.460536 0.35252 9.9995e-006
1998 1  nan nan nan nan nan  0.00590188 0.0448765 0.48242 0.466792 9.9995e-006
1999 1  nan nan nan nan nan  0.0085779 0.0276659 0.231994 0.731752 9.9995e-006
2000 1  nan nan nan nan nan  0.0728916 0.236534 0.286151 0.404413 9.9995e-006
2001 1  nan nan nan nan nan  0.0281559 0.189087 0.485512 0.297236 9.9995e-006
2002 1  nan nan nan nan nan  0.0224028 0.0637182 0.501949 0.41192 9.9995e-006
2003 1  nan nan nan nan nan  0.0663161 0.260778 0.2854 0.387496 9.9995e-006
2004 1  nan nan nan nan nan  0.0658201 0.269617 0.478611 0.185941 9.9995e-006
2005 1  nan nan nan nan nan  0.00533632 0.105719 0.344217 0.375805 0.168923
2006 1  nan nan nan nan nan  0.0210155 0.140231 0.329114 0.469945 0.0396932
2007 1  nan nan nan nan nan  0.0220101 0.204594 0.359123 0.402373 0.011899
2008 1  nan nan nan nan nan  0.00634749 0.0622758 0.431144 0.490743 0.00948983
2009 1  nan nan nan nan nan  0.00640096 0.0693356 0.331293 0.58267 0.0103005
2010 1  nan nan nan nan nan  0.00976407 0.0570088 0.33618 0.587737 0.00930963
1968 2  0.0055236 0.248619 0.248619 0.248619 0.248619  9.9995e-006 9.9995e-006 0.00498983 0.306768 0.688223
1969 2  nan nan nan nan nan  9.9995e-006 9.9995e-006 0.0253846 0.436568 0.538028
1970 2  nan nan nan nan nan  9.9995e-006 9.9995e-006 0.0526952 0.5999 0.347385
1971 2  nan nan nan nan nan  9.9995e-006 9.9995e-006 9.9995e-006 0.530507 0.469463
1972 2  nan nan nan nan nan  9.9995e-006 9.9995e-006 9.9995e-006 0.539339 0.460631
1973 2  nan nan nan nan nan  9.9995e-006 9.9995e-006 0.000109995 0.515184 0.484686
1974 2  nan nan nan nan nan  9.9995e-006 9.9995e-006 9.9995e-006 0.568444 0.431526
1975 2  nan nan nan nan nan  9.9995e-006 9.9995e-006 9.9995e-006 0.477196 0.522774
1976 2  nan nan nan nan nan  9.9995e-006 9.9995e-006 9.9995e-006 0.404021 0.595949
1977 2  nan nan nan nan nan  9.9995e-006 9.9995e-006 9.9995e-006 0.403259 0.596711
1978 2  nan nan nan nan nan  9.9995e-006 9.9995e-006 9.9995e-006 0.424997 0.574973
1979 2  nan nan nan nan nan  9.9995e-006 9.9995e-006 9.9995e-006 0.252808 0.747162
1980 2  nan nan nan nan nan  9.9995e-006 9.9995e-006 9.9995e-006 0.283574 0.716396
1981 2  nan nan nan nan nan  9.9995e-006 9.9995e-006 9.9995e-006 0.313771 0.686199
1982 2  nan nan nan nan nan  9.9995e-006 9.9995e-006 9.9995e-006 0.592132 0.407838
1984 2  nan nan nan nan nan  9.9995e-006 9.9995e-006 0.000261908 0.692128 0.30759
1985 2  nan nan nan nan nan  9.9995e-006 9.9995e-006 0.000512424 0.680041 0.319426
1986 2  nan nan nan nan nan  9.9995e-006 9.9995e-006 9.9995e-006 0.644862 0.355108
1987 2  nan nan nan nan nan  9.9995e-006 9.9995e-006 9.9995e-006 0.523683 0.476287
1988 2  nan nan nan nan nan  9.9995e-006 9.9995e-006 9.9995e-006 0.41431 0.58566
1989 2  nan nan nan nan nan  9.9995e-006 9.9995e-006 9.9995e-006 0.361103 0.638867
1990 2  nan nan nan nan nan  9.9995e-006 9.9995e-006 0.00029841 0.283421 0.716261
1991 2  nan nan nan nan nan  9.9995e-006 9.9995e-006 0.000162043 0.264527 0.735291
1992 2  nan nan nan nan nan  9.9995e-006 9.9995e-006 0.00042769 0.205514 0.794039
1993 2  nan nan nan nan nan  9.9995e-006 9.9995e-006 9.9995e-006 0.288063 0.711907
1984 2  nan nan nan nan nan  9.9995e-006 9.9995e-006 0.000566605 0.232078 0.767336
1997 2  nan nan nan nan nan  9.9995e-006 9.9995e-006 0.000390837 0.252617 0.746973
1998 2  nan nan nan nan nan  9.9995e-006 9.9995e-006 0.000880701 0.301587 0.697512
1999 2  nan nan nan nan nan  9.9995e-006 9.9995e-006 6.66025e-005 0.403533 0.59638
2000 2  nan nan nan nan nan  9.9995e-006 9.9995e-006 0.000222921 0.299023 0.700734
2001 2  nan nan nan nan nan  9.9995e-006 9.9995e-006 0.000709418 0.270984 0.728286
2002 2  nan nan nan nan nan  9.9995e-006 9.9995e-006 0.000323236 0.311632 0.688025
2003 2  nan nan nan nan nan  9.9995e-006 9.9995e-006 0.000503405 0.40358 0.595897
2004 2  nan nan nan nan nan  9.9995e-006 9.9995e-006 5.99045e-005 0.188153 0.811768
2005 2  nan nan nan nan nan  9.9995e-006 9.9995e-006 0.000225305 0.256152 0.743603
2006 2  nan nan nan nan nan  9.9995e-006 9.9995e-006 0.000231878 0.274973 0.724775
2007 2  nan nan nan nan nan  9.9995e-006 9.9995e-006 0.000188666 0.277345 0.722447
2008 2  nan nan nan nan nan  9.9995e-006 9.9995e-006 7.86445e-005 0.23052 0.769382
2009 2  nan nan nan nan nan  9.9995e-006 9.9995e-006 9.9995e-006 0.347723 0.652247
2010 2  nan nan nan nan nan  9.9995e-006 9.9995e-006 0.000109314 0.332367 0.667504
1976 3  nan nan nan nan nan  9.9995e-006 0.0335567 0.122972 0.379862 0.4636
1977 3  nan nan nan nan nan  0.0066176 0.0248672 0.251413 0.464849 0.252252
1978 3  nan nan nan nan nan  9.9995e-006 0.00291548 0.0534708 0.440016 0.503588
1979 3  nan nan nan nan nan  0.0321127 0.0230006 0.0337949 0.290757 0.620335
1980 3  nan nan nan nan nan  0.178915 0.155468 0.290062 0.237997 0.137559
1981 3  nan nan nan nan nan  0.0889585 0.202972 0.400167 0.238241 0.0696605
1982 3  nan nan nan nan nan  0.244411 0.255347 0.282291 0.174672 0.0432794
1983 3  nan nan nan nan nan  0.173052 0.223349 0.282722 0.227194 0.0936832
1984 3  nan nan nan nan nan  0.124466 0.203326 0.288782 0.284624 0.0988006
1985 3  nan nan nan nan nan  0.0187029 0.108381 0.233907 0.405929 0.233079
1986 3  nan nan nan nan nan  0.047422 0.115249 0.199597 0.405631 0.2321
1987 3  nan nan nan nan nan  0.0266733 0.124696 0.255392 0.373296 0.219944
1988 3  nan nan nan nan nan  0.0433211 0.0806256 0.182581 0.341757 0.351715
1989 3  nan nan nan nan nan  0.0059975 0.0339267 0.157344 0.37474 0.427992
1990 3  nan nan nan nan nan  0.0605899 0.0929159 0.179172 0.315344 0.351978
1991 3  nan nan nan nan nan  0.140151 0.0894663 0.1788 0.212948 0.378634
1992 3  nan nan nan nan nan  9.9995e-006 0.0225498 0.168381 0.517046 0.292013
1994 3  nan nan nan nan nan  0.0442057 0.0051292 0.0157089 0.145737 0.78922
1995 3  nan nan nan nan nan  0.152727 0.18919 0.202917 0.202917 0.25225
1996 3  nan nan nan nan nan  0.00470719 0.138992 0.254349 0.229067 0.372884
1997 3  nan nan nan nan nan  0.00295729 0.0116354 0.162602 0.359579 0.463226
1998 3  nan nan nan nan nan  0.00581563 0.00816552 0.0698157 0.384564 0.531639
1999 3  nan nan nan nan nan  0.00944225 0.00865623 0.0864723 0.487736 0.407693
2000 3  nan nan nan nan nan  0.00207228 0.0346822 0.150428 0.242715 0.570103
2001 3  nan nan nan nan nan  0.00349803 0.0372683 0.129066 0.227682 0.602485
2002 3  nan nan nan nan nan  0.0191882 0.0723117 0.0914899 0.316258 0.500752
2003 3  nan nan nan nan nan  0.0427125 0.177937 0.0925321 0.266901 0.419918
2004 3  nan nan nan nan nan  0.0438034 0.145988 0.204379 0.13139 0.474439
2005 3  nan nan nan nan nan  0.0268904 0.0752751 0.15054 0.247309 0.499985
2006 3  nan nan nan nan nan  0.0276584 0.110604 0.253454 0.350223 0.258062
2007 3  nan nan nan nan nan  0.000515784 0.0298517 0.155288 0.289829 0.524516
2008 3  nan nan nan nan nan  0.00297135 0.0325849 0.107606 0.261596 0.595242
2009 3  nan nan nan nan nan  9.9995e-006 0.0157845 0.144684 0.389263 0.450258
2010 3  nan nan nan nan nan  0.00605893 0.038598 0.147479 0.380884 0.426981
1991 4  nan nan nan nan nan  0.0505974 0.117981 0.204559 0.338125 0.288738
1992 4  nan nan nan nan nan  0.00880868 0.178383 0.321562 0.253272 0.237974
1993 4  nan nan nan nan nan  9.9995e-006 0.170419 0.443932 0.215221 0.170419
1990 1  nan nan nan nan nan  0.0102498 0.0619723 0.40198 0.525788 9.9995e-006
1991 1  nan nan nan nan nan  0.0544927 0.159262 0.308195 0.478041 9.9995e-006
1992 1  nan nan nan nan nan  0.0132374 0.278306 0.484394 0.224052 9.9995e-006
1993 1  nan nan nan nan nan  0.0170869 0.10675 0.473625 0.402527 9.9995e-006
1996 1  nan nan nan nan nan  0.0131164 0.240126 0.279445 0.467303 9.9995e-006
1997 1  nan nan nan nan nan  0.0014385 0.185495 0.460536 0.35252 9.9995e-006
1998 1  nan nan nan nan nan  0.00590188 0.0448765 0.48242 0.466792 9.9995e-006
1999 1  nan nan nan nan nan  0.0085779 0.0276659 0.231994 0.731752 9.9995e-006
2000 1  nan nan nan nan nan  0.0728916 0.236534 0.286151 0.404413 9.9995e-006
2001 1  nan nan nan nan nan  0.0281559 0.189087 0.485512 0.297236 9.9995e-006
2002 1  nan nan nan nan nan  0.0224028 0.0637182 0.501949 0.41192 9.9995e-006
2003 1  nan nan nan nan nan  0.0663161 0.260778 0.2854 0.387496 9.9995e-006
2004 1  nan nan nan nan nan  0.0658201 0.269617 0.478611 0.185941 9.9995e-006
2005 1  nan nan nan nan nan  0.00533632 0.105719 0.344217 0.375805 0.168923
2006 1  nan nan nan nan nan  0.0210155 0.140231 0.329114 0.469945 0.0396932
2007 1  nan nan nan nan nan  0.0220101 0.204594 0.359123 0.402373 0.011899
2008 1  nan nan nan nan nan  0.00634749 0.0622758 0.431144 0.490743 0.00948983
2009 1  nan nan nan nan nan  0.00640096 0.0693356 0.331293 0.58267 0.0103005
2010 1  nan nan nan nan nan  0.00976407 0.0570088 0.33618 0.587737 0.00930963
1968 2  0.0055236 0.248619 0.248619 0.248619 0.248619  9.9995e-006 9.9995e-006 0.00498983 0.306768 0.688223
1969 2  nan nan nan nan nan  9.9995e-006 9.9995e-006 0.0253846 0.436568 0.538028
1970 2  nan nan nan nan nan  9.9995e-006 9.9995e-006 0.0526952 0.5999 0.347385
1971 2  nan nan nan nan nan  9.9995e-006 9.9995e-006 9.9995e-006 0.530507 0.469463
1972 2  nan nan nan nan nan  9.9995e-006 9.9995e-006 9.9995e-006 0.539339 0.460631
1973 2  nan nan nan nan nan  9.9995e-006 9.9995e-006 0.000109995 0.515184 0.484686
1974 2  nan nan nan nan nan  9.9995e-006 9.9995e-006 9.9995e-006 0.568444 0.431526
1975 2  nan nan nan nan nan  9.9995e-006 9.9995e-006 9.9995e-006 0.477196 0.522774
1976 2  nan nan nan nan nan  9.9995e-006 9.9995e-006 9.9995e-006 0.404021 0.595949
1977 2  nan nan nan nan nan  9.9995e-006 9.9995e-006 9.9995e-006 0.403259 0.596711
1978 2  nan nan nan nan nan  9.9995e-006 9.9995e-006 9.9995e-006 0.424997 0.574973
1979 2  nan nan nan nan nan  9.9995e-006 9.9995e-006 9.9995e-006 0.252808 0.747162
1980 2  nan nan nan nan nan  9.9995e-006 9.9995e-006 9.9995e-006 0.283574 0.716396
1981 2  nan nan nan nan nan  9.9995e-006 9.9995e-006 9.9995e-006 0.313771 0.686199
1982 2  nan nan nan nan nan  9.9995e-006 9.9995e-006 9.9995e-006 0.592132 0.407838
1984 2  nan nan nan nan nan  9.9995e-006 9.9995e-006 0.000261908 0.692128 0.30759
1985 2  nan nan nan nan nan  9.9995e-006 9.9995e-006 0.000512424 0.680041 0.319426
1986 2  nan nan nan nan nan  9.9995e-006 9.9995e-006 9.9995e-006 0.644862 0.355108
1987 2  nan nan nan nan nan  9.9995e-006 9.9995e-006 9.9995e-006 0.523683 0.476287
1988 2  nan nan nan nan nan  9.9995e-006 9.9995e-006 9.9995e-006 0.41431 0.58566
1989 2  nan nan nan nan nan  9.9995e-006 9.9995e-006 9.9995e-006 0.361103 0.638867
1990 2  nan nan nan nan nan  9.9995e-006 9.9995e-006 0.00029841 0.283421 0.716261
1991 2  nan nan nan nan nan  9.9995e-006 9.9995e-006 0.000162043 0.264527 0.735291
1992 2  nan nan nan nan nan  9.9995e-006 9.9995e-006 0.00042769 0.205514 0.794039
1993 2  nan nan nan nan nan  9.9995e-006 9.9995e-006 9.9995e-006 0.288063 0.711907
1984 2  nan nan nan nan nan  9.9995e-006 9.9995e-006 0.000566605 0.232078 0.767336
1997 2  nan nan nan nan nan  9.9995e-006 9.9995e-006 0.000390837 0.252617 0.746973
1998 2  nan nan nan nan nan  9.9995e-006 9.9995e-006 0.000880701 0.301587 0.697512
1999 2  nan nan nan nan nan  9.9995e-006 9.9995e-006 6.66025e-005 0.403533 0.59638
2000 2  nan nan nan nan nan  9.9995e-006 9.9995e-006 0.000222921 0.299023 0.700734
2001 2  nan nan nan nan nan  9.9995e-006 9.9995e-006 0.000709418 0.270984 0.728286
2002 2  nan nan nan nan nan  9.9995e-006 9.9995e-006 0.000323236 0.311632 0.688025
2003 2  nan nan nan nan nan  9.9995e-006 9.9995e-006 0.000503405 0.40358 0.595897
2004 2  nan nan nan nan nan  9.9995e-006 9.9995e-006 5.99045e-005 0.188153 0.811768
2005 2  nan nan nan nan nan  9.9995e-006 9.9995e-006 0.000225305 0.256152 0.743603
2006 2  nan nan nan nan nan  9.9995e-006 9.9995e-006 0.000231878 0.274973 0.724775
2007 2  nan nan nan nan nan  9.9995e-006 9.9995e-006 0.000188666 0.277345 0.722447
2008 2  nan nan nan nan nan  9.9995e-006 9.9995e-006 7.86445e-005 0.23052 0.769382
2009 2  nan nan nan nan nan  9.9995e-006 9.9995e-006 9.9995e-006 0.347723 0.652247
2010 2  nan nan nan nan nan  9.9995e-006 9.9995e-006 0.000109314 0.332367 0.667504
1976 3  nan nan nan nan nan  9.9995e-006 0.0335567 0.122972 0.379862 0.4636
1977 3  nan nan nan nan nan  0.0066176 0.0248672 0.251413 0.464849 0.252252
1978 3  nan nan nan nan nan  9.9995e-006 0.00291548 0.0534708 0.440016 0.503588
1979 3  nan nan nan nan nan  0.0321127 0.0230006 0.0337949 0.290757 0.620335
1980 3  nan nan nan nan nan  0.178915 0.155468 0.290062 0.237997 0.137559
1981 3  nan nan nan nan nan  0.0889585 0.202972 0.400167 0.238241 0.0696605
1982 3  nan nan nan nan nan  0.244411 0.255347 0.282291 0.174672 0.0432794
1983 3  nan nan nan nan nan  0.173052 0.223349 0.282722 0.227194 0.0936832
1984 3  nan nan nan nan nan  0.124466 0.203326 0.288782 0.284624 0.0988006
1985 3  nan nan nan nan nan  0.0187029 0.108381 0.233907 0.405929 0.233079
1986 3  nan nan nan nan nan  0.047422 0.115249 0.199597 0.405631 0.2321
1987 3  nan nan nan nan nan  0.0266733 0.124696 0.255392 0.373296 0.219944
1988 3  nan nan nan nan nan  0.0433211 0.0806256 0.182581 0.341757 0.351715
1989 3  nan nan nan nan nan  0.0059975 0.0339267 0.157344 0.37474 0.427992
1990 3  nan nan nan nan nan  0.0605899 0.0929159 0.179172 0.315344 0.351978
1991 3  nan nan nan nan nan  0.140151 0.0894663 0.1788 0.212948 0.378634
1992 3  nan nan nan nan nan  9.9995e-006 0.0225498 0.168381 0.517046 0.292013
1994 3  nan nan nan nan nan  0.0442057 0.0051292 0.0157089 0.145737 0.78922
1995 3  nan nan nan nan nan  0.152727 0.18919 0.202917 0.202917 0.25225
1996 3  nan nan nan nan nan  0.00470719 0.138992 0.254349 0.229067 0.372884
1997 3  nan nan nan nan nan  0.00295729 0.0116354 0.162602 0.359579 0.463226
1998 3  nan nan nan nan nan  0.00581563 0.00816552 0.0698157 0.384564 0.531639
1999 3  nan nan nan nan nan  0.00944225 0.00865623 0.0864723 0.487736 0.407693
2000 3  nan nan nan nan nan  0.00207228 0.0346822 0.150428 0.242715 0.570103
2001 3  nan nan nan nan nan  0.00349803 0.0372683 0.129066 0.227682 0.602485
2002 3  nan nan nan nan nan  0.0191882 0.0723117 0.0914899 0.316258 0.500752
2003 3  nan nan nan nan nan  0.0427125 0.177937 0.0925321 0.266901 0.419918
2004 3  nan nan nan nan nan  0.0438034 0.145988 0.204379 0.13139 0.474439
2005 3  nan nan nan nan nan  0.0268904 0.0752751 0.15054 0.247309 0.499985
2006 3  nan nan nan nan nan  0.0276584 0.110604 0.253454 0.350223 0.258062
2007 3  nan nan nan nan nan  0.000515784 0.0298517 0.155288 0.289829 0.524516
